[gd_scene load_steps=9 format=3 uid="uid://cvrkebf00gnj6"]

[ext_resource type="PackedScene" uid="uid://ge2mr157qfcw" path="res://scenes/scenery/bar_base.tscn" id="1_ndu7j"]
[ext_resource type="PackedScene" uid="uid://du5dpofjud0lj" path="res://scenes/objects/billiard_table/billard_table.tscn" id="2_dotln"]
[ext_resource type="PackedScene" uid="uid://d0bcd4hsc844c" path="res://assets/props/beer_crate/beer_crate.blend" id="2_ndu7j"]
[ext_resource type="PackedScene" uid="uid://bkw7ht5r8xrla" path="res://assets/objects/chair/plastic_chair.blend" id="4_u3gn7"]
[ext_resource type="PackedScene" uid="uid://h4xed4t7qf7u" path="res://assets/objects/table/table.blend" id="6_dotln"]
[ext_resource type="PackedScene" uid="uid://bsqynsmr8fgel" path="res://assets/objects/cue_support/cue_support.blend" id="7_u3gn7"]
[ext_resource type="PackedScene" uid="uid://d0hkhos2ykbtq" path="res://scenes/characters/player/main_character.tscn" id="8_8is20"]
[ext_resource type="PackedScene" uid="uid://bgm7io8uhgmug" path="res://scenes/props/beer_bottle/beer_bottle.tscn" id="8_ge48x"]

[node name="bar_scene" type="Node3D"]

[node name="bar_base" parent="." instance=ExtResource("1_ndu7j")]

[node name="Luzes" type="Node" parent="."]

[node name="SpotLight3D" type="SpotLight3D" parent="Luzes"]
transform = Transform3D(1, 0, 0, 0, -4.37114e-08, 1, 0, -1, -4.37114e-08, -1.46101, 2.95571, 0.0139686)
light_energy = 2.0
spot_attenuation = 0.7

[node name="SpotLight3D2" type="SpotLight3D" parent="Luzes"]
transform = Transform3D(1, 0, 0, 0, -4.37114e-08, 1, 0, -1, -4.37114e-08, 1.71215, 2.99742, 0.00673445)
light_energy = 2.0
spot_attenuation = 0.7

[node name="Objects" type="Node" parent="."]

[node name="billard_table" parent="Objects" instance=ExtResource("2_dotln")]
transform = Transform3D(-0.999971, 0, 0.00750479, 0, 1, 0, -0.00750479, 0, -0.999971, 1.49335, 0.012, 0.774407)

[node name="beer_crate" parent="Objects" instance=ExtResource("2_ndu7j")]
transform = Transform3D(1, 0, 0, 0, 1, 0, 0, 0, 1, -3.37953, 0, 0.726826)

[node name="beer_crate2" parent="Objects" instance=ExtResource("2_ndu7j")]
transform = Transform3D(1, 0, 0, 0, 1, 0, 0, 0, 1, -3.93361, 0, 0.717847)

[node name="plastic_chair" parent="Objects" instance=ExtResource("4_u3gn7")]
transform = Transform3D(0.39822, 0, -0.91729, 0, 1, 0, 0.91729, 0, 0.39822, 1.9038, 0, -1.44152)

[node name="plastic_chair2" parent="Objects" instance=ExtResource("4_u3gn7")]
transform = Transform3D(0.676606, 0, 0.736345, 0, 1, 0, -0.736345, 0, 0.676606, 0.389254, 0, -1.53201)

[node name="plastic_chair3" parent="Objects" instance=ExtResource("4_u3gn7")]
transform = Transform3D(0.998863, 0, 0.0476821, 0, 1, 0, -0.0476821, 0, 0.998863, 1.26968, -2.38419e-07, -1.93996)

[node name="plastic_chair4" parent="Objects" instance=ExtResource("4_u3gn7")]
transform = Transform3D(0.763053, 0, -0.646337, 0, 1, 0, 0.646337, 0, 0.763053, 3.79641, -4.76838e-07, -1.67821)

[node name="table" parent="Objects" instance=ExtResource("6_dotln")]
transform = Transform3D(0.999954, 0, 0.00961687, 0, 1, 0, -0.00961687, 0, 0.999954, 1.18613, 0, -1.28979)

[node name="cue_support" parent="Objects" instance=ExtResource("7_u3gn7")]
transform = Transform3D(1, 0, 0, 0, 1, 0, 0, 0, 1, 1.69293, 0.728924, 2.19363)

[node name="MainCharacter" parent="." instance=ExtResource("8_8is20")]
transform = Transform3D(1, 0, 0, 0, 1, 0, 0, 0, 1, 3.41153, 0.0714285, -0.0664109)

[node name="beer_bottle" parent="." instance=ExtResource("8_ge48x")]
transform = Transform3D(1, 0, 0, 0, 1, 0, 0, 0, 1, -1.17269, 1.11374, -0.508492)
